3 59

0.00 0.00 0.00
0.50 0.00 0.00
1.00 0.00 0.00

0 0 22 12 0
1 3 1 3 1
1 5 1 5 1
1 7 1 7 1
1 9 1 9 1
2 4 2 4 1
2 6 2 6 1
2 8 2 8 1
3 5 3 5 1
3 7 3 7 1
2 1 2 1 1
4 1 4 1 1
6 1 6 1 1
8 1 8 1 1
10 1 10 1 1
3 2 3 2 1
5 2 5 2 1
7 2 7 2 1
9 2 9 2 1
4 3 4 3 1
6 3 6 3 1
8 3 8 3 1
2 11 10 11 2
3 10 9 10 2
4 9 8 9 2
10 4 10 4 1
10 6 10 6 1
10 8 10 8 1
11 3 11 3 1
11 5 11 5 1
11 7 11 7 1
11 9 11 9 1
12 4 12 4 1
12 6 12 6 1
12 8 12 8 1
20 1 20 1 1
18 1 18 1 1
16 1 16 1 1
14 1 14 1 1
12 1 12 1 1
19 2 19 2 1
17 2 17 2 1
15 2 15 2 1
13 2 13 2 1
18 3 18 3 1
16 3 16 3 1
14 3 14 3 1
12 11 20 11 2
13 10 19 10 2
14 9 18 9 2
21 3 21 3 1
21 5 21 5 1
21 7 21 7 1
21 9 21 9 1
20 4 20 4 1
20 6 20 6 1
20 8 20 8 1
19 5 19 5 1
19 7 19 7 1