3 40

0.00 0.00 0.00
0.50 0.00 0.00
1.00 0.00 0.00

0 0 22 12 0
1 2 1 10 2
2 3 2 9 2
3 4 3 8 2
2 1 2 1 1
4 1 4 1 1
6 1 6 1 1
8 1 8 1 1
10 1 10 1 1
3 2 3 2 1
5 2 5 2 1
7 2 7 2 1
9 2 9 2 1
4 3 4 3 1
6 3 6 3 1
8 3 8 3 1
2 11 10 11 2
3 10 9 10 2
4 9 8 9 2
10 3 10 9 2
11 2 11 10 2
12 3 12 9 2
20 1 20 1 1
18 1 18 1 1
16 1 16 1 1
14 1 14 1 1
12 1 12 1 1
19 2 19 2 1
17 2 17 2 1
15 2 15 2 1
13 2 13 2 1
18 3 18 3 1
16 3 16 3 1
14 3 14 3 1
12 11 20 11 2
13 10 19 10 2
14 9 18 9 2
21 2 21 10 2
20 3 20 9 2
19 4 19 8 2