# 0 -1 0 0
	0.75 0.75 0.75
	1.00 1.00 1.00
	0.50 0.50 0.50
	0.00 0.00 0.00
	0.00 0.00 0.00

	1 1 1 1 1 1 1 1 1 1 1 1 1 1 1 0
	1 1 1 1 1 1 1 1 1 1 1 1 1 1 0 2
	1 1 0 0 0 0 0 0 0 0 0 0 0 0 2 2
	1 1 0 0 0 0 0 0 0 0 0 0 0 0 2 2
	1 1 0 0 0 0 0 0 0 0 0 0 0 0 2 2
	1 1 0 0 0 0 0 0 0 0 0 0 0 0 2 2
	1 1 0 0 0 0 0 0 0 0 0 0 0 0 2 2
	1 1 0 0 0 0 0 0 0 0 0 0 0 0 2 2
	1 1 0 0 0 0 0 0 0 0 0 0 0 0 2 2
	1 1 0 0 0 0 0 0 0 0 0 0 0 0 2 2
	1 1 0 0 0 0 0 0 0 0 0 0 0 0 2 2
	1 1 0 0 0 0 0 0 0 0 0 0 0 0 2 2
	1 1 0 0 0 0 0 0 0 0 0 0 0 0 2 2
	1 1 0 0 0 0 0 0 0 0 0 0 0 0 2 2
	1 0 2 2 2 2 2 2 2 2 2 2 2 2 2 2
	0 2 2 2 2 2 2 2 2 2 2 2 2 2 2 2

# 1 -1 0 0
	0.75 0.75 0.75
	1.00 1.00 1.00
	0.50 0.50 0.50
	0.00 0.00 0.00
	1.00 0.00 0.00

	1 1 1 1 1 1 1 1 1 1 1 1 1 1 1 0
	1 1 1 1 1 1 1 1 1 1 1 1 1 1 0 2
	1 1 0 0 0 0 0 0 0 0 0 0 0 0 2 2
	1 1 0 0 0 0 0 4 4 0 0 0 0 0 2 2
	1 1 0 0 0 4 4 4 4 0 0 0 0 0 2 2
	1 1 0 0 4 4 4 4 4 0 0 0 0 0 2 2
	1 1 0 0 0 4 4 4 4 0 0 0 0 0 2 2
	1 1 0 0 0 0 0 4 4 0 0 0 0 0 2 2
	1 1 0 0 0 0 0 0 3 0 0 0 0 0 2 2
	1 1 0 0 0 0 0 0 3 0 0 0 0 0 2 2
	1 1 0 0 0 0 3 3 3 3 0 0 0 0 2 2
	1 1 0 0 3 3 3 3 3 3 3 3 0 0 2 2
	1 1 0 0 3 3 3 3 3 3 3 3 0 0 2 2
	1 1 0 0 0 0 0 0 0 0 0 0 0 0 2 2
	1 0 2 2 2 2 2 2 2 2 2 2 2 2 2 2
	0 2 2 2 2 2 2 2 2 2 2 2 2 2 2 2

# 2 0 0 0
	0.75 0.75 0.75
	0.50 0.50 0.50
	0.00 0.00 0.00
	0.00 0.00 0.00
	0.00 0.00 0.00

	1 1 1 1 1 1 1 1 1 1 1 1 1 1 1 1
	1 0 0 0 0 0 0 0 0 0 0 0 0 0 0 0
	1 0 0 0 0 0 0 0 0 0 0 0 0 0 0 0
	1 0 0 0 0 0 0 0 0 0 0 0 0 0 0 0
	1 0 0 0 0 0 0 0 0 0 0 0 0 0 0 0
	1 0 0 0 0 0 0 0 0 0 0 0 0 0 0 0
	1 0 0 0 0 0 0 0 0 0 0 0 0 0 0 0
	1 0 0 0 0 0 0 0 0 0 0 0 0 0 0 0
	1 0 0 0 0 0 0 0 0 0 0 0 0 0 0 0
	1 0 0 0 0 0 0 0 0 0 0 0 0 0 0 0
	1 0 0 0 0 0 0 0 0 0 0 0 0 0 0 0
	1 0 0 0 0 0 0 0 0 0 0 0 0 0 0 0
	1 0 0 0 0 0 0 0 0 0 0 0 0 0 0 0
	1 0 0 0 0 0 0 0 0 0 0 0 0 0 0 0
	1 0 0 0 0 0 0 0 0 0 0 0 0 0 0 0
	1 0 0 0 0 0 0 0 0 0 0 0 0 0 0 0

# 2 1 0 0
	0.75 0.75 0.75
	0.50 0.50 0.50
	0.00 0.00 1.00
	0.00 0.00 0.00
	0.00 0.00 0.00

	1 1 1 1 1 1 1 1 1 1 1 1 1 1 1 1
	1 0 0 0 0 0 0 0 0 0 0 0 0 0 0 0
	1 0 0 0 0 0 0 0 0 0 0 0 0 0 0 0
	1 0 0 0 0 0 0 0 2 2 0 0 0 0 0 0
	1 0 0 0 0 0 0 2 2 2 0 0 0 0 0 0
	1 0 0 0 0 0 2 2 2 2 0 0 0 0 0 0
	1 0 0 0 0 2 2 2 2 2 0 0 0 0 0 0
	1 0 0 0 0 0 0 2 2 2 0 0 0 0 0 0
	1 0 0 0 0 0 0 2 2 2 0 0 0 0 0 0
	1 0 0 0 0 0 0 2 2 2 0 0 0 0 0 0
	1 0 0 0 0 0 0 2 2 2 0 0 0 0 0 0
	1 0 0 0 0 2 2 2 2 2 2 2 0 0 0 0
	1 0 0 0 0 2 2 2 2 2 2 2 0 0 0 0
	1 0 0 0 0 0 0 0 0 0 0 0 0 0 0 0
	1 0 0 0 0 0 0 0 0 0 0 0 0 0 0 0
	1 0 0 0 0 0 0 0 0 0 0 0 0 0 0 0

# 2 2 0 0
	0.75 0.75 0.75
	0.50 0.50 0.50
	0.00 0.50 0.00
	0.00 0.00 0.00
	0.00 0.00 0.00

	1 1 1 1 1 1 1 1 1 1 1 1 1 1 1 1
	1 0 0 0 0 0 0 0 0 0 0 0 0 0 0 0
	1 0 0 0 0 0 0 0 0 0 0 0 0 0 0 0
	1 0 0 0 2 2 2 2 2 2 2 2 0 0 0 0
	1 0 0 2 2 2 2 2 2 2 2 2 2 0 0 0
	1 0 0 2 2 2 0 0 0 0 2 2 2 0 0 0
	1 0 0 0 0 0 0 0 0 0 2 2 2 0 0 0
	1 0 0 0 0 0 0 0 2 2 2 2 0 0 0 0
	1 0 0 0 0 0 2 2 2 2 2 0 0 0 0 0
	1 0 0 0 2 2 2 2 2 0 0 0 0 0 0 0
	1 0 0 2 2 2 2 0 0 0 0 0 0 0 0 0
	1 0 0 2 2 2 2 2 2 2 2 2 2 0 0 0
	1 0 0 2 2 2 2 2 2 2 2 2 2 0 0 0
	1 0 0 0 0 0 0 0 0 0 0 0 0 0 0 0
	1 0 0 0 0 0 0 0 0 0 0 0 0 0 0 0
	1 0 0 0 0 0 0 0 0 0 0 0 0 0 0 0

# 2 3 0 0
	0.75 0.75 0.75
	0.50 0.50 0.50
	1.00 0.00 0.00
	0.00 0.00 0.00
	0.00 0.00 0.00

	1 1 1 1 1 1 1 1 1 1 1 1 1 1 1 1
	1 0 0 0 0 0 0 0 0 0 0 0 0 0 0 0
	1 0 0 0 0 0 0 0 0 0 0 0 0 0 0 0
	1 0 0 2 2 2 2 2 2 2 2 2 0 0 0 0
	1 0 0 2 2 2 2 2 2 2 2 2 2 0 0 0
	1 0 0 0 0 0 0 0 0 0 2 2 2 0 0 0
	1 0 0 0 0 0 0 0 0 0 2 2 2 0 0 0
	1 0 0 0 0 0 2 2 2 2 2 2 0 0 0 0
	1 0 0 0 0 0 2 2 2 2 2 2 0 0 0 0
	1 0 0 0 0 0 0 0 0 0 2 2 2 0 0 0
	1 0 0 0 0 0 0 0 0 0 2 2 2 0 0 0
	1 0 0 2 2 2 2 2 2 2 2 2 2 0 0 0
	1 0 0 2 2 2 2 2 2 2 2 2 0 0 0 0
	1 0 0 0 0 0 0 0 0 0 0 0 0 0 0 0
	1 0 0 0 0 0 0 0 0 0 0 0 0 0 0 0
	1 0 0 0 0 0 0 0 0 0 0 0 0 0 0 0

# 2 4 0 0
	0.75 0.75 0.75
	0.50 0.50 0.50
	0.00 0.00 0.50
	0.00 0.00 0.00
	0.00 0.00 0.00

	1 1 1 1 1 1 1 1 1 1 1 1 1 1 1 1
	1 0 0 0 0 0 0 0 0 0 0 0 0 0 0 0
	1 0 0 0 0 0 0 0 0 0 0 0 0 0 0 0
	1 0 0 0 0 2 2 2 0 2 2 2 0 0 0 0
	1 0 0 0 0 2 2 2 0 2 2 2 0 0 0 0
	1 0 0 0 2 2 2 0 0 2 2 2 0 0 0 0
	1 0 0 0 2 2 2 0 0 2 2 2 0 0 0 0
	1 0 0 2 2 2 2 2 2 2 2 2 2 0 0 0
	1 0 0 2 2 2 2 2 2 2 2 2 2 0 0 0
	1 0 0 0 0 0 0 0 0 2 2 2 0 0 0 0
	1 0 0 0 0 0 0 0 0 2 2 2 0 0 0 0
	1 0 0 0 0 0 0 0 0 2 2 2 0 0 0 0
	1 0 0 0 0 0 0 0 0 2 2 2 0 0 0 0
	1 0 0 0 0 0 0 0 0 0 0 0 0 0 0 0
	1 0 0 0 0 0 0 0 0 0 0 0 0 0 0 0
	1 0 0 0 0 0 0 0 0 0 0 0 0 0 0 0

# 2 5 0 0
	0.75 0.75 0.75
	0.50 0.50 0.50
	0.50 0.00 0.00
	0.00 0.00 0.00
	0.00 0.00 0.00

	1 1 1 1 1 1 1 1 1 1 1 1 1 1 1 1
	1 0 0 0 0 0 0 0 0 0 0 0 0 0 0 0
	1 0 0 0 0 0 0 0 0 0 0 0 0 0 0 0
	1 0 0 2 2 2 2 2 2 2 2 2 2 0 0 0
	1 0 0 2 2 2 2 2 2 2 2 2 2 0 0 0
	1 0 0 2 2 2 0 0 0 0 0 0 0 0 0 0
	1 0 0 2 2 2 0 0 0 0 0 0 0 0 0 0
	1 0 0 2 2 2 2 2 2 2 2 2 0 0 0 0
	1 0 0 2 2 2 2 2 2 2 2 2 2 0 0 0
	1 0 0 0 0 0 0 0 0 0 2 2 2 0 0 0
	1 0 0 0 0 0 0 0 0 0 2 2 2 0 0 0
	1 0 0 2 2 2 2 2 2 2 2 2 2 0 0 0
	1 0 0 2 2 2 2 2 2 2 2 2 0 0 0 0
	1 0 0 0 0 0 0 0 0 0 0 0 0 0 0 0
	1 0 0 0 0 0 0 0 0 0 0 0 0 0 0 0
 	1 0 0 0 0 0 0 0 0 0 0 0 0 0 0 0

# 2 6 0 0
	0.75 0.75 0.75
	0.50 0.50 0.50
	0.00 0.50 0.50
	0.00 0.00 0.00
	0.00 0.00 0.00

	1 1 1 1 1 1 1 1 1 1 1 1 1 1 1 1
	1 0 0 0 0 0 0 0 0 0 0 0 0 0 0 0
	1 0 0 0 0 0 0 0 0 0 0 0 0 0 0 0
	1 0 0 0 2 2 2 2 2 2 2 2 0 0 0 0
	1 0 0 2 2 2 2 2 2 2 2 2 0 0 0 0
	1 0 0 2 2 2 0 0 0 0 0 0 0 0 0 0
	1 0 0 2 2 2 0 0 0 0 0 0 0 0 0 0
	1 0 0 2 2 2 2 2 2 2 2 2 0 0 0 0
	1 0 0 2 2 2 2 2 2 2 2 2 2 0 0 0
	1 0 0 2 2 2 0 0 0 0 2 2 2 0 0 0
	1 0 0 2 2 2 0 0 0 0 2 2 2 0 0 0
	1 0 0 2 2 2 2 2 2 2 2 2 2 0 0 0
	1 0 0 0 2 2 2 2 2 2 2 2 0 0 0 0
	1 0 0 0 0 0 0 0 0 0 0 0 0 0 0 0
	1 0 0 0 0 0 0 0 0 0 0 0 0 0 0 0
	1 0 0 0 0 0 0 0 0 0 0 0 0 0 0 0

# 2 7 0 0
	0.75 0.75 0.75
	0.50 0.50 0.50
	0.00 0.00 0.00
	0.00 0.00 0.00
	0.00 0.00 0.00

	1 1 1 1 1 1 1 1 1 1 1 1 1 1 1 1
	1 0 0 0 0 0 0 0 0 0 0 0 0 0 0 0
	1 0 0 0 0 0 0 0 0 0 0 0 0 0 0 0
	1 0 0 2 2 2 2 2 2 2 2 2 2 0 0 0
	1 0 0 2 2 2 2 2 2 2 2 2 2 0 0 0
	1 0 0 0 0 0 0 0 0 0 2 2 2 0 0 0
	1 0 0 0 0 0 0 0 0 0 2 2 2 0 0 0
	1 0 0 0 0 0 0 0 0 2 2 2 0 0 0 0
	1 0 0 0 0 0 0 0 0 2 2 2 0 0 0 0
	1 0 0 0 0 0 0 0 2 2 2 0 0 0 0 0
	1 0 0 0 0 0 0 0 2 2 2 0 0 0 0 0
	1 0 0 0 0 0 0 2 2 2 0 0 0 0 0 0
	1 0 0 0 0 0 0 2 2 2 0 0 0 0 0 0
	1 0 0 0 0 0 0 0 0 0 0 0 0 0 0 0
	1 0 0 0 0 0 0 0 0 0 0 0 0 0 0 0
	1 0 0 0 0 0 0 0 0 0 0 0 0 0 0 0

# 2 8 0 0
	0.75 0.75 0.75
	0.50 0.50 0.50
	0.50 0.50 0.50
	0.00 0.00 0.00
	0.00 0.00 0.00

	1 1 1 1 1 1 1 1 1 1 1 1 1 1 1 1
	1 0 0 0 0 0 0 0 0 0 0 0 0 0 0 0
	1 0 0 0 0 0 0 0 0 0 0 0 0 0 0 0
	1 0 0 0 2 2 2 2 2 2 2 2 0 0 0 0
	1 0 0 2 2 2 2 2 2 2 2 2 2 0 0 0
	1 0 0 2 2 2 0 0 0 0 2 2 2 0 0 0
	1 0 0 2 2 2 0 0 0 0 2 2 2 0 0 0
	1 0 0 0 2 2 2 2 2 2 2 2 0 0 0 0
	1 0 0 0 2 2 2 2 2 2 2 2 0 0 0 0
	1 0 0 2 2 2 0 0 0 0 2 2 2 0 0 0
	1 0 0 2 2 2 0 0 0 0 2 2 2 0 0 0
	1 0 0 2 2 2 2 2 2 2 2 2 2 0 0 0
 	1 0 0 0 2 2 2 2 2 2 2 2 0 0 0 0
	1 0 0 0 0 0 0 0 0 0 0 0 0 0 0 0
	1 0 0 0 0 0 0 0 0 0 0 0 0 0 0 0
	1 0 0 0 0 0 0 0 0 0 0 0 0 0 0 0

# 2 9 0 0
	1.00 0.00 0.00
	0.50 0.50 0.50
	0.00 0.00 0.00
	1.00 1.00 1.00
	0.00 0.00 0.00

	1 1 1 1 1 1 1 1 1 1 1 1 1 1 1 1
	1 0 0 0 0 0 0 0 0 0 0 0 0 0 0 0
	1 0 0 0 0 0 0 0 2 0 0 0 0 0 0 0
	1 0 0 0 0 0 0 0 2 0 0 0 0 0 0 0
	1 0 0 0 2 0 2 2 2 2 2 0 2 0 0 0
	1 0 0 0 0 2 2 2 2 2 2 2 0 0 0 0
	1 0 0 0 2 2 3 3 2 2 2 2 2 0 0 0
	1 0 0 0 2 2 3 3 2 2 2 2 2 0 0 0
	1 0 2 2 2 2 2 2 2 2 2 2 2 2 2 0
	1 0 0 0 2 2 2 2 2 2 2 2 2 0 0 0
	1 0 0 0 2 2 2 2 2 2 2 2 2 0 0 0
	1 0 0 0 0 2 2 2 2 2 2 2 0 0 0 0
	1 0 0 0 2 0 2 2 2 2 2 0 2 0 0 0
	1 0 0 0 0 0 0 0 2 0 0 0 0 0 0 0
	1 0 0 0 0 0 0 0 2 0 0 0 0 0 0 0
	1 0 0 0 0 0 0 0 0 0 0 0 0 0 0 0
	
# 0 9 1 0
	0.75 0.75 0.75
	0.50 0.50 0.50
	0.00 0.00 0.00
	1.00 1.00 1.00
	0.00 0.00 0.00

	1 1 1 1 1 1 1 1 1 1 1 1 1 1 1 1
	1 0 0 0 0 0 0 0 0 0 0 0 0 0 0 0
	1 0 0 0 0 0 0 0 2 0 0 0 0 0 0 0
	1 0 0 0 0 0 0 0 2 0 0 0 0 0 0 0
	1 0 0 0 2 0 2 2 2 2 2 0 2 0 0 0
	1 0 0 0 0 2 2 2 2 2 2 2 0 0 0 0
	1 0 0 0 2 2 3 3 2 2 2 2 2 0 0 0
	1 0 0 0 2 2 3 3 2 2 2 2 2 0 0 0
	1 0 2 2 2 2 2 2 2 2 2 2 2 2 2 0
	1 0 0 0 2 2 2 2 2 2 2 2 2 0 0 0
	1 0 0 0 2 2 2 2 2 2 2 2 2 0 0 0
	1 0 0 0 0 2 2 2 2 2 2 2 0 0 0 0
	1 0 0 0 2 0 2 2 2 2 2 0 2 0 0 0
	1 0 0 0 0 0 0 0 2 0 0 0 0 0 0 0
	1 0 0 0 0 0 0 0 2 0 0 0 0 0 0 0
	1 0 0 0 0 0 0 0 0 0 0 0 0 0 0 0

# 1 -1 1 0
	0.75 0.75 0.75
	0.50 0.50 0.50
	0.00 0.00 0.00
	1.00 1.00 1.00
	1.00 0.00 0.00
	
	1 1 1 1 1 1 1 1 1 1 1 1 1 1 1 1
	1 0 0 0 0 0 0 0 0 0 0 0 0 0 0 0
	1 0 0 0 0 0 0 0 2 0 0 0 0 0 0 0
	1 0 4 4 0 0 0 0 2 0 0 0 0 4 4 0
	1 0 0 4 4 0 2 2 2 2 2 0 4 4 0 0
	1 0 0 0 4 4 2 2 2 2 2 4 4 0 0 0
	1 0 0 0 2 4 4 3 2 2 4 4 2 0 0 0
	1 0 0 0 2 2 4 4 2 4 4 2 2 0 0 0
	1 0 2 2 2 2 2 4 4 4 2 2 2 2 2 0
	1 0 0 0 2 2 2 4 4 4 2 2 2 0 0 0
	1 0 0 0 2 2 4 4 2 4 4 2 2 0 0 0
	1 0 0 0 0 4 4 2 2 2 4 4 0 0 0 0
	1 0 0 0 4 4 2 2 2 2 2 4 4 0 0 0
	1 0 0 4 4 0 0 0 2 0 0 0 4 4 0 0
	1 0 4 4 0 0 0 0 2 0 0 0 0 4 4 0
	1 0 0 0 0 0 0 0 0 0 0 0 0 0 0 0

# -1 -1 -1 1
	0.00 0.00 0.00
	1.00 0.00 0.00
	0.00 0.00 0.00
	0.00 0.00 0.00
	0.00 0.00 0.00
	
	1 0 1 0 1 0 1 0 1 0 1 0 1 0 1 0
	0 1 0 1 0 1 0 1 0 1 0 1 0 1 0 1
	1 0 1 0 1 0 1 0 1 0 1 0 1 0 1 0
	0 1 0 1 0 1 0 1 0 1 0 1 0 1 0 1
	1 0 1 0 1 0 1 0 1 0 1 0 1 0 1 0
	0 1 0 1 0 1 0 1 0 1 0 1 0 1 0 1
	1 0 1 0 1 0 1 0 1 0 1 0 1 0 1 0
	0 1 0 1 0 1 0 1 0 1 0 1 0 1 0 1
	1 0 1 0 1 0 1 0 1 0 1 0 1 0 1 0
	0 1 0 1 0 1 0 1 0 1 0 1 0 1 0 1
	1 0 1 0 1 0 1 0 1 0 1 0 1 0 1 0
	0 1 0 1 0 1 0 1 0 1 0 1 0 1 0 1
	1 0 1 0 1 0 1 0 1 0 1 0 1 0 1 0
	0 1 0 1 0 1 0 1 0 1 0 1 0 1 0 1
	1 0 1 0 1 0 1 0 1 0 1 0 1 0 1 0
	0 1 0 1 0 1 0 1 0 1 0 1 0 1 0 1

# -1 -1 -1 2
	0.00 0.00 0.00
	0.00 1.00 0.00
	0.00 0.00 0.00
	0.00 0.00 0.00
	0.00 0.00 0.00
	
	1 0 1 0 1 0 1 0 1 0 1 0 1 0 1 0
	0 1 0 1 0 1 0 1 0 1 0 1 0 1 0 1
	1 0 1 0 1 0 1 0 1 0 1 0 1 0 1 0
	0 1 0 1 0 1 0 1 0 1 0 1 0 1 0 1
	1 0 1 0 1 0 1 0 1 0 1 0 1 0 1 0
	0 1 0 1 0 1 0 1 0 1 0 1 0 1 0 1
	1 0 1 0 1 0 1 0 1 0 1 0 1 0 1 0
	0 1 0 1 0 1 0 1 0 1 0 1 0 1 0 1
	1 0 1 0 1 0 1 0 1 0 1 0 1 0 1 0
	0 1 0 1 0 1 0 1 0 1 0 1 0 1 0 1
	1 0 1 0 1 0 1 0 1 0 1 0 1 0 1 0
	0 1 0 1 0 1 0 1 0 1 0 1 0 1 0 1
	1 0 1 0 1 0 1 0 1 0 1 0 1 0 1 0
	0 1 0 1 0 1 0 1 0 1 0 1 0 1 0 1
	1 0 1 0 1 0 1 0 1 0 1 0 1 0 1 0
	0 1 0 1 0 1 0 1 0 1 0 1 0 1 0 1

# -1 -1 -1 3
	0.00 0.00 0.00
	0.00 0.00 1.00
	0.00 0.00 0.00
	0.00 0.00 0.00
	0.00 0.00 0.00
	
	1 0 1 0 1 0 1 0 1 0 1 0 1 0 1 0
	0 1 0 1 0 1 0 1 0 1 0 1 0 1 0 1
	1 0 1 0 1 0 1 0 1 0 1 0 1 0 1 0
	0 1 0 1 0 1 0 1 0 1 0 1 0 1 0 1
	1 0 1 0 1 0 1 0 1 0 1 0 1 0 1 0
	0 1 0 1 0 1 0 1 0 1 0 1 0 1 0 1
	1 0 1 0 1 0 1 0 1 0 1 0 1 0 1 0
	0 1 0 1 0 1 0 1 0 1 0 1 0 1 0 1
	1 0 1 0 1 0 1 0 1 0 1 0 1 0 1 0
	0 1 0 1 0 1 0 1 0 1 0 1 0 1 0 1
	1 0 1 0 1 0 1 0 1 0 1 0 1 0 1 0
	0 1 0 1 0 1 0 1 0 1 0 1 0 1 0 1
	1 0 1 0 1 0 1 0 1 0 1 0 1 0 1 0
	0 1 0 1 0 1 0 1 0 1 0 1 0 1 0 1
	1 0 1 0 1 0 1 0 1 0 1 0 1 0 1 0
	0 1 0 1 0 1 0 1 0 1 0 1 0 1 0 1